3034116307658933335
7594788332409555592
3342667323865087595
-2871682462571709
-8993072617664259755
130874558203462821
7769741593295765237
-8243467667636626671
2973031624128823989
2964747248550694280
-236012588060039423
7450587126978380346
8588213600741737974
3898365752148449376
4563389106092446041
-7794773898233222328
8995202716249611722
-3771462574868057423
7387417241033420088
-7353198232481311656
7059432236136787095
9173026153134553810
5928299238127818960
-7307380500984805988
4710011667265830649
7113435969387898480
6901407715399666629
-6716392901414305831
5917816140685368894
-980722686518585079
1616773514077147569
3261684936576809706
2707689157813203688
-820061047385683342
5415599649852363934
3920376942902703163
8665343082413487919
-1804826278080627374
5737763602987251599
4394873237099187534
-7720000537582585476
-5614246252337855068
545619522315682039
560377291293882938
-8054914130667884817
9126714802818719545
5340840062372009279
1046067789925990439
-5366032721136577061
-5796701236021111756
-3907761583536357051
-925706965449767981
5953627977760860228
4079199003908207500
-2764189101293480744
-8201174030749276144
-5490057747097739672
-4406855461234042995
-3823563751820833475
-5801574372065231805
-8674013056924466893
5879479618958015575
5321886833810788269
-2661846400284919065
1342329086906027209
7365890232169113182
1537319766203036628
-612373240604059640
-7787669955716455680
-993237039100290840
-6241279684340933036
1886838846299676617
-349092858164883997
-4476600078967120750
-581959495258559680
6586349292880766174
-7415328912412945872
7777085827522893260
1751700850183006369
-2089548443429306606
-4315792846897360421
4376658225169296216
-1583222640166412043
3187532232566168003
-9070771465562898807
428764429711473871
232092066352100778
-3034593558932286879
3013217312130489366
3872916151773571356
-1729162324337833560
3593281542959064819
-7692136369780206833
1950811992384972030
8341949983856589764
3303383214949463185
-1147182376796155079
-4146080283676548726
-7932198528603770546
2062762578447336939
7212072586013771272
-8548731144322596184
-2325476047446478716
6797315137658433984
-1819507904032042711
-5758503398310107759
-7691144721607046372
-2047921120621115032
3670740587740653816
-5422441660898560169
2276243247446612158
1025610855025317707
-8494815543075884278
-3179448294061171875
3074171468715000200
-9191819135434953368
3492224187186968741
-7097327522858999333
8477850970487003273
69472732633105359
-5187060729490773693
-2885767429421412773
-5720916233733880250
-5035513092825471193
1624180546355064083
-3774303469895160257
-3556071844671569097
-4703627602254678231
3659054567170541432
-2776009020226437319
-6038272363745779125
-1229623567669037790
968802746279627144
1157568842068862416
-6567097266469508256
928615299402080885
-1523704761868348274
5565697290349081570
-5120613203789134388
1112585749846519575
-1565795864108077944
6696516264531377948
3371324285017944791
-8680525559570614254
5206450238557887145
8044650093388384132
3491771398378707006
4243806164177655298
2422054022131507160
3854874424987332080
-4447479437990929742
-1360338354760631397
-1386726584961468624
-1942269872447964532
-7827926651827959721
-5880577315334740959
542556173936765054
8584640750279947096
-7692514648520289467
-1347452258235772434
-6351143600772076858
7748680708175463080
-286323965188940789
-604750357946737425
3873732490296415935
8946609200075500962
4959627982593674279
-8368519397859520217
-7672363209365870254
-4679537120788538685
2622783353801097359
-7190587476458447572
3545755022692488734
-2772472804626585509
-3738185486764096469
7554704901050749093
-6870490342837933577
1222641292080485132
-4044341956609549736
-6420978570926986542
-6362595198056170141
4066983742084820047
-3214415447288669850
9132746608744233220
-2135965442858584292
-5480736659991797521
7647826678062650651
-3815795205527714528
-2377506911194521967
927192067776302987
-9164720654456776401
2876204603504890912
-7567094812070658460
-2500743711338909928
-3744776627138710578
1159800617799316626
3322278488221652717
3019117513828762973
3728242416343093273
8940791076984249623
