9173026153134553810
9132746608744233220
9126714802818719545
8995202716249611722
8946609200075500962
8940791076984249623
8665343082413487919
8588213600741737974
8584640750279947096
8477850970487003273
8341949983856589764
8044650093388384132
7777085827522893260
7769741593295765237
7748680708175463080
7647826678062650651
7594788332409555592
7554704901050749093
7450587126978380346
7387417241033420088
7365890232169113182
7212072586013771272
7113435969387898480
7059432236136787095
6901407715399666629
6797315137658433984
6696516264531377948
6586349292880766174
5953627977760860228
5928299238127818960
5917816140685368894
5879479618958015575
5737763602987251599
5565697290349081570
5415599649852363934
5340840062372009279
5321886833810788269
5206450238557887145
4959627982593674279
4710011667265830649
4563389106092446041
4394873237099187534
4376658225169296216
4243806164177655298
4079199003908207500
4066983742084820047
3920376942902703163
3898365752148449376
3873732490296415935
3872916151773571356
3854874424987332080
3728242416343093273
3670740587740653816
3659054567170541432
3593281542959064819
3545755022692488734
3492224187186968741
3491771398378707006
3371324285017944791
3342667323865087595
3322278488221652717
3303383214949463185
3261684936576809706
3187532232566168003
3074171468715000200
3034116307658933335
3019117513828762973
3013217312130489366
2973031624128823989
2964747248550694280
2876204603504890912
2707689157813203688
2622783353801097359
2422054022131507160
2276243247446612158
2062762578447336939
1950811992384972030
1886838846299676617
1751700850183006369
1624180546355064083
1616773514077147569
1537319766203036628
1342329086906027209
1222641292080485132
1159800617799316626
1157568842068862416
1112585749846519575
1046067789925990439
1025610855025317707
968802746279627144
928615299402080885
927192067776302987
560377291293882938
545619522315682039
542556173936765054
428764429711473871
232092066352100778
130874558203462821
69472732633105359
-2871682462571709
-236012588060039423
-286323965188940789
-349092858164883997
-581959495258559680
-604750357946737425
-612373240604059640
-820061047385683342
-925706965449767981
-980722686518585079
-993237039100290840
-1147182376796155079
-1229623567669037790
-1347452258235772434
-1360338354760631397
-1386726584961468624
-1523704761868348274
-1565795864108077944
-1583222640166412043
-1729162324337833560
-1804826278080627374
-1819507904032042711
-1942269872447964532
-2047921120621115032
-2089548443429306606
-2135965442858584292
-2325476047446478716
-2377506911194521967
-2500743711338909928
-2661846400284919065
-2764189101293480744
-2772472804626585509
-2776009020226437319
-2885767429421412773
-3034593558932286879
-3179448294061171875
-3214415447288669850
-3556071844671569097
-3738185486764096469
-3744776627138710578
-3771462574868057423
-3774303469895160257
-3815795205527714528
-3823563751820833475
-3907761583536357051
-4044341956609549736
-4146080283676548726
-4315792846897360421
-4406855461234042995
-4447479437990929742
-4476600078967120750
-4679537120788538685
-4703627602254678231
-5035513092825471193
-5120613203789134388
-5187060729490773693
-5366032721136577061
-5422441660898560169
-5480736659991797521
-5490057747097739672
-5614246252337855068
-5720916233733880250
-5758503398310107759
-5796701236021111756
-5801574372065231805
-5880577315334740959
-6038272363745779125
-6241279684340933036
-6351143600772076858
-6362595198056170141
-6420978570926986542
-6567097266469508256
-6716392901414305831
-6870490342837933577
-7097327522858999333
-7190587476458447572
-7307380500984805988
-7353198232481311656
-7415328912412945872
-7567094812070658460
-7672363209365870254
-7691144721607046372
-7692136369780206833
-7692514648520289467
-7720000537582585476
-7787669955716455680
-7794773898233222328
-7827926651827959721
-7932198528603770546
-8054914130667884817
-8201174030749276144
-8243467667636626671
-8368519397859520217
-8494815543075884278
-8548731144322596184
-8674013056924466893
-8680525559570614254
-8993072617664259755
-9070771465562898807
-9164720654456776401
-9191819135434953368
